32 9
0100
0101
0102
0103
0104
0105
0106
0107
0108
0109
0110
0111
0112
0113
0114
0115
0116
0117
0118
0119
0120
0121
0122
0123
0124
0125
0126
0127
0128
0129
0130
0131
0132
0133
0134
0135
0136
0137
0138
0139
0140
12024
00304
02112
64024
00001
60014
00604
20504
02042
00064
34104
00064
01024
00604
00001
16104
00144
06014
00304
77724
50024
02032
12044
00764
24024
02142
14424
00001
00001
44024
01512
74004
00141
00142
00143
00144
00000
00006
77767
77634
00037